12
  2 -20 -3916237 -357920 -3620601 7374819 -7330761 30 6246457 -6461594 266854 -520 -470
  3 4
  4 5 4 3 2
  5 6
  6 99 8 24 32 47 1
  7 10
  8 9 7 4 10 1 2 0 3 5 2
  9 10
 10 790704 -70089 411402 -976236 280984 87194 459285 423775 -775218 688155
 11 100
 12 950672 -123588 -21064 -398351 -634183 533344 944306 -788821 -277243 221371 -721950 599727 956898 457257 -413215 618851 358040 542399 -338406 409579 -747506 -2939    83 -905766 -536238 -392178 -453975 -96697 496067 815780 -931198 -825669 -242435 -74872 -445508 -268144 411926 -926167 -5235 -90258 49708 -814573 802536 109936 -8    48657 589685 -590019 206513 830759 447635 -917960 17533 47722 189049 615315 433312 787389 485881 983832 -239098 301944 835912 -182362 -572777 242375 -702596 2778    8 594760 972787 -331764 -596264 -495936 -914244 -79816 785533 -551512 191458 61276 503244 -63991 674295 -157018 702899 -506167 498174 452746 902554 53023 560406     993422 854604 896219 -899231 455920 -755992 150611 -58576 -71847 -849500 907034 -394292
 13 1000

